Per-sample gradient bias/variance at fixed anchor points
distributions=['standard_normal', 'shifted_normal', 'scaled_normal', 'laplace', 'student_t5', 'uniform', 'mixture_gauss', 'skewnormal']
anchors=[-1.5, -0.5, 0.5, 1.5], Ns=[16, 32, 64, 128, 256, 512, 1024, 2048, 4096], n_seeds=2000
Aggregation: median over seeds (IQR / std).

loss  distribution           y*      N        med grad       std grad  |med|/std
--------------------------------------------------------------------------------------
w1    standard_normal     -1.50     16     -6.2500e-02     5.8769e-02      1.063
w1    standard_normal     -1.50     32     -3.1250e-02     3.0265e-02      1.033
w1    standard_normal     -1.50     64     -1.5625e-02     1.5390e-02      1.015
w1    standard_normal     -1.50    128     +7.8125e-03     7.8076e-03      1.001
w1    standard_normal     -1.50    256     -3.9062e-03     3.9031e-03      1.001
w1    standard_normal     -1.50    512     -1.9531e-03     1.9474e-03      1.003
w1    standard_normal     -1.50   1024     -9.7656e-04     9.7310e-04      1.004
w1    standard_normal     -1.50   2048     -4.8828e-04     4.8830e-04      1.000
w1    standard_normal     -1.50   4096     +2.4414e-04     2.4419e-04      1.000
w1    standard_normal     -0.50     16     -6.2500e-02     6.2505e-02      1.000
w1    standard_normal     -0.50     32     +3.1250e-02     3.1235e-02      1.000
w1    standard_normal     -0.50     64     +1.5625e-02     1.5624e-02      1.000
w1    standard_normal     -0.50    128     -7.8125e-03     7.7930e-03      1.002
w1    standard_normal     -0.50    256     -3.9062e-03     3.9072e-03      1.000
w1    standard_normal     -0.50    512     -1.9531e-03     1.9524e-03      1.000
w1    standard_normal     -0.50   1024     -9.7656e-04     9.7674e-04      1.000
w1    standard_normal     -0.50   2048     -4.8828e-04     4.8830e-04      1.000
w1    standard_normal     -0.50   4096     -2.4414e-04     2.4420e-04      1.000
w1    standard_normal     +0.50     16     +6.2500e-02     6.2414e-02      1.001
w1    standard_normal     +0.50     32     +3.1250e-02     3.1242e-02      1.000
w1    standard_normal     +0.50     64     -1.5625e-02     1.5629e-02      1.000
w1    standard_normal     +0.50    128     +7.8125e-03     7.7745e-03      1.005
w1    standard_normal     +0.50    256     +3.9062e-03     3.9071e-03      1.000
w1    standard_normal     +0.50    512     -1.9531e-03     1.9536e-03      1.000
w1    standard_normal     +0.50   1024     -9.7656e-04     9.7642e-04      1.000
w1    standard_normal     +0.50   2048     -4.8828e-04     4.8817e-04      1.000
w1    standard_normal     +0.50   4096     +2.4414e-04     2.4406e-04      1.000
w1    standard_normal     +1.50     16     +6.2500e-02     5.9456e-02      1.051
w1    standard_normal     +1.50     32     +3.1250e-02     3.0157e-02      1.036
w1    standard_normal     +1.50     64     +1.5625e-02     1.5300e-02      1.021
w1    standard_normal     +1.50    128     -7.8125e-03     7.8043e-03      1.001
w1    standard_normal     +1.50    256     +3.9062e-03     3.9038e-03      1.001
w1    standard_normal     +1.50    512     +1.9531e-03     1.9462e-03      1.004
w1    standard_normal     +1.50   1024     +9.7656e-04     9.7563e-04      1.001
w1    standard_normal     +1.50   2048     +4.8828e-04     4.8769e-04      1.001
w1    standard_normal     +1.50   4096     +2.4414e-04     2.4417e-04      1.000

w1    shifted_normal      -1.50     16     +6.2500e-02     5.6963e-02      1.097
w1    shifted_normal      -1.50     32     +3.1250e-02     2.2353e-02      1.398
w1    shifted_normal      -1.50     64     +1.5625e-02     7.1262e-03      2.193
w1    shifted_normal      -1.50    128     +7.8125e-03     7.8047e-04     10.010
w1    shifted_normal      -1.50    256     +3.9062e-03     1.7469e-04     22.361
w1    shifted_normal      -1.50    512     +1.9531e-03     0.0000e+00 1953124999999999763959250944.000
w1    shifted_normal      -1.50   1024     +9.7656e-04     0.0000e+00 976562499999999881979625472.000
w1    shifted_normal      -1.50   2048     +4.8828e-04     0.0000e+00 488281249999999940989812736.000
w1    shifted_normal      -1.50   4096     +2.4414e-04     0.0000e+00 244140624999999970494906368.000
w1    shifted_normal      -0.50     16     +6.2500e-02     3.3033e-02      1.892
w1    shifted_normal      -0.50     32     +3.1250e-02     7.7226e-03      4.047
w1    shifted_normal      -0.50     64     +1.5625e-02     9.8796e-04     15.815
w1    shifted_normal      -0.50    128     +7.8125e-03     0.0000e+00 7812499999999999055837003776.000
w1    shifted_normal      -0.50    256     +3.9062e-03     0.0000e+00 3906249999999999527918501888.000
w1    shifted_normal      -0.50    512     +1.9531e-03     0.0000e+00 1953124999999999763959250944.000
w1    shifted_normal      -0.50   1024     +9.7656e-04     0.0000e+00 976562499999999881979625472.000
w1    shifted_normal      -0.50   2048     +4.8828e-04     0.0000e+00 488281249999999940989812736.000
w1    shifted_normal      -0.50   4096     +2.4414e-04     0.0000e+00 244140624999999970494906368.000
w1    shifted_normal      +0.50     16     +6.2500e-02     2.8868e-02      2.165
w1    shifted_normal      +0.50     32     +3.1250e-02     8.7522e-03      3.571
w1    shifted_normal      +0.50     64     +1.5625e-02     1.3965e-03     11.189
w1    shifted_normal      +0.50    128     +7.8125e-03     0.0000e+00 7812499999999999055837003776.000
w1    shifted_normal      +0.50    256     +3.9062e-03     0.0000e+00 3906249999999999527918501888.000
w1    shifted_normal      +0.50    512     +1.9531e-03     0.0000e+00 1953124999999999763959250944.000
w1    shifted_normal      +0.50   1024     +9.7656e-04     0.0000e+00 976562499999999881979625472.000
w1    shifted_normal      +0.50   2048     +4.8828e-04     0.0000e+00 488281249999999940989812736.000
w1    shifted_normal      +0.50   4096     +2.4414e-04     0.0000e+00 244140624999999970494906368.000
w1    shifted_normal      +1.50     16     +6.2500e-02     3.2525e-02      1.922
w1    shifted_normal      +1.50     32     +3.1250e-02     1.0313e-02      3.030
w1    shifted_normal      +1.50     64     +1.5625e-02     2.4139e-03      6.473
w1    shifted_normal      +1.50    128     +7.8125e-03     4.9398e-04     15.815
w1    shifted_normal      +1.50    256     +3.9062e-03     0.0000e+00 3906249999999999527918501888.000
w1    shifted_normal      +1.50    512     +1.9531e-03     0.0000e+00 1953124999999999763959250944.000
w1    shifted_normal      +1.50   1024     +9.7656e-04     0.0000e+00 976562499999999881979625472.000
w1    shifted_normal      +1.50   2048     +4.8828e-04     0.0000e+00 488281249999999940989812736.000
w1    shifted_normal      +1.50   4096     +2.4414e-04     0.0000e+00 244140624999999970494906368.000

w1    scaled_normal       -1.50     16     -6.2500e-02     3.3233e-02      1.881
w1    scaled_normal       -1.50     32     -3.1250e-02     1.0041e-02      3.112
w1    scaled_normal       -1.50     64     -1.5625e-02     1.8460e-03      8.464
w1    scaled_normal       -1.50    128     -7.8125e-03     3.4939e-04     22.361
w1    scaled_normal       -1.50    256     -3.9062e-03     0.0000e+00 3906249999999999527918501888.000
w1    scaled_normal       -1.50    512     -1.9531e-03     0.0000e+00 1953124999999999763959250944.000
w1    scaled_normal       -1.50   1024     -9.7656e-04     0.0000e+00 976562499999999881979625472.000
w1    scaled_normal       -1.50   2048     -4.8828e-04     0.0000e+00 488281249999999940989812736.000
w1    scaled_normal       -1.50   4096     -2.4414e-04     0.0000e+00 244140624999999970494906368.000
w1    scaled_normal       -0.50     16     -6.2500e-02     5.7723e-02      1.083
w1    scaled_normal       -0.50     32     -3.1250e-02     2.6467e-02      1.181
w1    scaled_normal       -0.50     64     -1.5625e-02     1.1327e-02      1.379
w1    scaled_normal       -0.50    128     -7.8125e-03     3.5478e-03      2.202
w1    scaled_normal       -0.50    256     -3.9062e-03     1.1205e-03      3.486
w1    scaled_normal       -0.50    512     -1.9531e-03     1.9512e-04     10.010
w1    scaled_normal       -0.50   1024     -9.7656e-04     0.0000e+00 976562499999999881979625472.000
w1    scaled_normal       -0.50   2048     -4.8828e-04     0.0000e+00 488281249999999940989812736.000
w1    scaled_normal       -0.50   4096     -2.4414e-04     0.0000e+00 244140624999999970494906368.000
w1    scaled_normal       +0.50     16     +6.2500e-02     5.7324e-02      1.090
w1    scaled_normal       +0.50     32     +3.1250e-02     2.6979e-02      1.158
w1    scaled_normal       +0.50     64     +1.5625e-02     1.1546e-02      1.353
w1    scaled_normal       +0.50    128     +7.8125e-03     3.6085e-03      2.165
w1    scaled_normal       +0.50    256     +3.9062e-03     1.0530e-03      3.710
w1    scaled_normal       +0.50    512     +1.9531e-03     1.9512e-04     10.010
w1    scaled_normal       +0.50   1024     +9.7656e-04     0.0000e+00 976562499999999881979625472.000
w1    scaled_normal       +0.50   2048     +4.8828e-04     0.0000e+00 488281249999999940989812736.000
w1    scaled_normal       +0.50   4096     +2.4414e-04     0.0000e+00 244140624999999970494906368.000
w1    scaled_normal       +1.50     16     +6.2500e-02     3.1796e-02      1.966
w1    scaled_normal       +1.50     32     +3.1250e-02     1.1953e-02      2.614
w1    scaled_normal       +1.50     64     +1.5625e-02     2.4139e-03      6.473
w1    scaled_normal       +1.50    128     +7.8125e-03     3.4939e-04     22.361
w1    scaled_normal       +1.50    256     +3.9062e-03     0.0000e+00 3906249999999999527918501888.000
w1    scaled_normal       +1.50    512     +1.9531e-03     0.0000e+00 1953124999999999763959250944.000
w1    scaled_normal       +1.50   1024     +9.7656e-04     0.0000e+00 976562499999999881979625472.000
w1    scaled_normal       +1.50   2048     +4.8828e-04     0.0000e+00 488281249999999940989812736.000
w1    scaled_normal       +1.50   4096     +2.4414e-04     0.0000e+00 244140624999999970494906368.000

w1    laplace             -1.50     16     -6.2500e-02     6.1401e-02      1.018
w1    laplace             -1.50     32     -3.1250e-02     3.1013e-02      1.008
w1    laplace             -1.50     64     -1.5625e-02     1.5620e-02      1.000
w1    laplace             -1.50    128     +7.8125e-03     7.4927e-03      1.043
w1    laplace             -1.50    256     +3.9062e-03     3.8016e-03      1.028
w1    laplace             -1.50    512     +1.9531e-03     1.7931e-03      1.089
w1    laplace             -1.50   1024     +9.7656e-04     7.6563e-04      1.275
w1    laplace             -1.50   2048     +4.8828e-04     2.8776e-04      1.697
w1    laplace             -1.50   4096     +2.4414e-04     8.8513e-05      2.758
w1    laplace             -0.50     16     +6.2500e-02     5.7131e-02      1.094
w1    laplace             -0.50     32     +3.1250e-02     2.5748e-02      1.214
w1    laplace             -0.50     64     +1.5625e-02     1.0373e-02      1.506
w1    laplace             -0.50    128     +7.8125e-03     3.9745e-03      1.966
w1    laplace             -0.50    256     +3.9062e-03     7.9653e-04      4.904
w1    laplace             -0.50    512     +1.9531e-03     1.5121e-04     12.916
w1    laplace             -0.50   1024     +9.7656e-04     0.0000e+00 976562499999999881979625472.000
w1    laplace             -0.50   2048     +4.8828e-04     0.0000e+00 488281249999999940989812736.000
w1    laplace             -0.50   4096     +2.4414e-04     0.0000e+00 244140624999999970494906368.000
w1    laplace             +0.50     16     -6.2500e-02     5.7826e-02      1.081
w1    laplace             +0.50     32     -3.1250e-02     2.5419e-02      1.229
w1    laplace             +0.50     64     -1.5625e-02     1.0284e-02      1.519
w1    laplace             +0.50    128     -7.8125e-03     4.4162e-03      1.769
w1    laplace             +0.50    256     -3.9062e-03     9.8052e-04      3.984
w1    laplace             +0.50    512     -1.9531e-03     1.2350e-04     15.815
w1    laplace             +0.50   1024     -9.7656e-04     0.0000e+00 976562499999999881979625472.000
w1    laplace             +0.50   2048     -4.8828e-04     0.0000e+00 488281249999999940989812736.000
w1    laplace             +0.50   4096     -2.4414e-04     0.0000e+00 244140624999999970494906368.000
w1    laplace             +1.50     16     +6.2500e-02     6.1012e-02      1.024
w1    laplace             +1.50     32     +3.1250e-02     3.1122e-02      1.004
w1    laplace             +1.50     64     +1.5625e-02     1.5572e-02      1.003
w1    laplace             +1.50    128     -7.8125e-03     7.5064e-03      1.041
w1    laplace             +1.50    256     -3.9062e-03     3.7498e-03      1.042
w1    laplace             +1.50    512     -1.9531e-03     1.7989e-03      1.086
w1    laplace             +1.50   1024     -9.7656e-04     7.9081e-04      1.235
w1    laplace             +1.50   2048     -4.8828e-04     2.8163e-04      1.734
w1    laplace             +1.50   4096     -2.4414e-04     9.5132e-05      2.566

w1    student_t5          -1.50     16     -6.2500e-02     6.1780e-02      1.012
w1    student_t5          -1.50     32     -3.1250e-02     3.1253e-02      1.000
w1    student_t5          -1.50     64     +1.5625e-02     1.5471e-02      1.010
w1    student_t5          -1.50    128     +7.8125e-03     6.9467e-03      1.125
w1    student_t5          -1.50    256     +3.9062e-03     3.4277e-03      1.140
w1    student_t5          -1.50    512     +1.9531e-03     1.3836e-03      1.412
w1    student_t5          -1.50   1024     +9.7656e-04     5.0174e-04      1.946
w1    student_t5          -1.50   2048     +4.8828e-04     1.1477e-04      4.255
w1    student_t5          -1.50   4096     +2.4414e-04     1.5437e-05     15.815
w1    student_t5          -0.50     16     +6.2500e-02     6.1401e-02      1.018
w1    student_t5          -0.50     32     +3.1250e-02     2.9418e-02      1.062
w1    student_t5          -0.50     64     +1.5625e-02     1.3828e-02      1.130
w1    student_t5          -0.50    128     +7.8125e-03     6.5570e-03      1.191
w1    student_t5          -0.50    256     +3.9062e-03     2.5755e-03      1.517
w1    student_t5          -0.50    512     +1.9531e-03     6.9284e-04      2.819
w1    student_t5          -0.50   1024     +9.7656e-04     1.6855e-04      5.794
w1    student_t5          -0.50   2048     +4.8828e-04     0.0000e+00 488281249999999940989812736.000
w1    student_t5          -0.50   4096     +2.4414e-04     0.0000e+00 244140624999999970494906368.000
w1    student_t5          +0.50     16     -6.2500e-02     6.1040e-02      1.024
w1    student_t5          +0.50     32     -3.1250e-02     2.9384e-02      1.063
w1    student_t5          +0.50     64     -1.5625e-02     1.3490e-02      1.158
w1    student_t5          +0.50    128     -7.8125e-03     6.5468e-03      1.193
w1    student_t5          +0.50    256     -3.9062e-03     2.4451e-03      1.598
w1    student_t5          +0.50    512     -1.9531e-03     8.1851e-04      2.386
w1    student_t5          +0.50   1024     -9.7656e-04     1.5699e-04      6.220
w1    student_t5          +0.50   2048     -4.8828e-04     3.7803e-05     12.916
w1    student_t5          +0.50   4096     -2.4414e-04     0.0000e+00 244140624999999970494906368.000
w1    student_t5          +1.50     16     +6.2500e-02     6.1808e-02      1.011
w1    student_t5          +1.50     32     +3.1250e-02     3.1252e-02      1.000
w1    student_t5          +1.50     64     -1.5625e-02     1.5581e-02      1.003
w1    student_t5          +1.50    128     -7.8125e-03     6.9903e-03      1.118
w1    student_t5          +1.50    256     -3.9062e-03     3.3724e-03      1.158
w1    student_t5          +1.50    512     -1.9531e-03     1.4556e-03      1.342
w1    student_t5          +1.50   1024     -9.7656e-04     5.0499e-04      1.934
w1    student_t5          +1.50   2048     -4.8828e-04     1.0636e-04      4.591
w1    student_t5          +1.50   4096     -2.4414e-04     1.8902e-05     12.916

w1    uniform             -1.50     16     -6.2500e-02     6.0176e-02      1.039
w1    uniform             -1.50     32     -3.1250e-02     3.0305e-02      1.031
w1    uniform             -1.50     64     -1.5625e-02     1.5149e-02      1.031
w1    uniform             -1.50    128     +7.8125e-03     7.8129e-03      1.000
w1    uniform             -1.50    256     -3.9062e-03     3.8962e-03      1.003
w1    uniform             -1.50    512     -1.9531e-03     1.9370e-03      1.008
w1    uniform             -1.50   1024     -9.7656e-04     9.7230e-04      1.004
w1    uniform             -1.50   2048     -4.8828e-04     4.8752e-04      1.002
w1    uniform             -1.50   4096     -2.4414e-04     2.4378e-04      1.001
w1    uniform             -0.50     16     -6.2500e-02     5.8836e-02      1.062
w1    uniform             -0.50     32     -3.1250e-02     2.7961e-02      1.118
w1    uniform             -0.50     64     -1.5625e-02     1.2895e-02      1.212
w1    uniform             -0.50    128     -7.8125e-03     4.9384e-03      1.582
w1    uniform             -0.50    256     -3.9062e-03     1.7739e-03      2.202
w1    uniform             -0.50    512     -1.9531e-03     4.3410e-04      4.499
w1    uniform             -0.50   1024     -9.7656e-04     0.0000e+00 976562499999999881979625472.000
w1    uniform             -0.50   2048     -4.8828e-04     0.0000e+00 488281249999999940989812736.000
w1    uniform             -0.50   4096     -2.4414e-04     0.0000e+00 244140624999999970494906368.000
w1    uniform             +0.50     16     +6.2500e-02     5.9517e-02      1.050
w1    uniform             +0.50     32     +3.1250e-02     2.7946e-02      1.118
w1    uniform             +0.50     64     +1.5625e-02     1.3001e-02      1.202
w1    uniform             +0.50    128     +7.8125e-03     4.6887e-03      1.666
w1    uniform             +0.50    256     +3.9062e-03     1.6455e-03      2.374
w1    uniform             +0.50    512     +1.9531e-03     3.8876e-04      5.024
w1    uniform             +0.50   1024     +9.7656e-04     4.3673e-05     22.361
w1    uniform             +0.50   2048     +4.8828e-04     0.0000e+00 488281249999999940989812736.000
w1    uniform             +0.50   4096     +2.4414e-04     0.0000e+00 244140624999999970494906368.000
w1    uniform             +1.50     16     +6.2500e-02     6.0087e-02      1.040
w1    uniform             +1.50     32     +3.1250e-02     3.0008e-02      1.041
w1    uniform             +1.50     64     +1.5625e-02     1.5070e-02      1.037
w1    uniform             +1.50    128     -7.8125e-03     7.8114e-03      1.000
w1    uniform             +1.50    256     +3.9062e-03     3.8907e-03      1.004
w1    uniform             +1.50    512     +1.9531e-03     1.9504e-03      1.001
w1    uniform             +1.50   1024     +9.7656e-04     9.6877e-04      1.008
w1    uniform             +1.50   2048     +4.8828e-04     4.8782e-04      1.001
w1    uniform             +1.50   4096     +2.4414e-04     2.4379e-04      1.001

w1    mixture_gauss       -1.50     16     +6.2500e-02     6.2511e-02      1.000
w1    mixture_gauss       -1.50     32     +3.1250e-02     3.0506e-02      1.024
w1    mixture_gauss       -1.50     64     +1.5625e-02     1.4324e-02      1.091
w1    mixture_gauss       -1.50    128     +7.8125e-03     4.6148e-03      1.693
w1    mixture_gauss       -1.50    256     +3.9062e-03     1.7192e-03      2.272
w1    mixture_gauss       -1.50    512     +1.9531e-03     3.9826e-04      4.904
w1    mixture_gauss       -1.50   1024     +9.7656e-04     0.0000e+00 976562499999999881979625472.000
w1    mixture_gauss       -1.50   2048     +4.8828e-04     0.0000e+00 488281249999999940989812736.000
w1    mixture_gauss       -1.50   4096     +2.4414e-04     0.0000e+00 244140624999999970494906368.000
w1    mixture_gauss       -0.50     16     -6.2500e-02     5.1322e-02      1.218
w1    mixture_gauss       -0.50     32     -3.1250e-02     2.1396e-02      1.461
w1    mixture_gauss       -0.50     64     -1.5625e-02     7.2170e-03      2.165
w1    mixture_gauss       -0.50    128     -7.8125e-03     1.2070e-03      6.473
w1    mixture_gauss       -0.50    256     -3.9062e-03     3.0243e-04     12.916
w1    mixture_gauss       -0.50    512     -1.9531e-03     0.0000e+00 1953124999999999763959250944.000
w1    mixture_gauss       -0.50   1024     -9.7656e-04     0.0000e+00 976562499999999881979625472.000
w1    mixture_gauss       -0.50   2048     -4.8828e-04     0.0000e+00 488281249999999940989812736.000
w1    mixture_gauss       -0.50   4096     -2.4414e-04     0.0000e+00 244140624999999970494906368.000
w1    mixture_gauss       +0.50     16     +6.2500e-02     5.0292e-02      1.243
w1    mixture_gauss       +0.50     32     +3.1250e-02     2.0921e-02      1.494
w1    mixture_gauss       +0.50     64     +1.5625e-02     7.3063e-03      2.139
w1    mixture_gauss       +0.50    128     +7.8125e-03     1.7364e-03      4.499
w1    mixture_gauss       +0.50    256     +3.9062e-03     2.4699e-04     15.815
w1    mixture_gauss       +0.50    512     +1.9531e-03     0.0000e+00 1953124999999999763959250944.000
w1    mixture_gauss       +0.50   1024     +9.7656e-04     0.0000e+00 976562499999999881979625472.000
w1    mixture_gauss       +0.50   2048     +4.8828e-04     0.0000e+00 488281249999999940989812736.000
w1    mixture_gauss       +0.50   4096     +2.4414e-04     0.0000e+00 244140624999999970494906368.000
w1    mixture_gauss       +1.50     16     -6.2500e-02     6.2418e-02      1.001
w1    mixture_gauss       +1.50     32     -3.1250e-02     3.0742e-02      1.017
w1    mixture_gauss       +1.50     64     -1.5625e-02     1.4405e-02      1.085
w1    mixture_gauss       +1.50    128     -7.8125e-03     4.7911e-03      1.631
w1    mixture_gauss       +1.50    256     -3.9062e-03     1.9333e-03      2.020
w1    mixture_gauss       +1.50    512     -1.9531e-03     4.0753e-04      4.793
w1    mixture_gauss       +1.50   1024     -9.7656e-04     6.1748e-05     15.815
w1    mixture_gauss       +1.50   2048     -4.8828e-04     0.0000e+00 488281249999999940989812736.000
w1    mixture_gauss       +1.50   4096     -2.4414e-04     0.0000e+00 244140624999999970494906368.000

w1    skewnormal          -1.50     16     +6.2500e-02     5.9395e-02      1.052
w1    skewnormal          -1.50     32     +3.1250e-02     2.5260e-02      1.237
w1    skewnormal          -1.50     64     +1.5625e-02     8.8324e-03      1.769
w1    skewnormal          -1.50    128     +7.8125e-03     1.5551e-03      5.024
w1    skewnormal          -1.50    256     +3.9062e-03     1.7469e-04     22.361
w1    skewnormal          -1.50    512     +1.9531e-03     0.0000e+00 1953124999999999763959250944.000
w1    skewnormal          -1.50   1024     +9.7656e-04     0.0000e+00 976562499999999881979625472.000
w1    skewnormal          -1.50   2048     +4.8828e-04     0.0000e+00 488281249999999940989812736.000
w1    skewnormal          -1.50   4096     +2.4414e-04     0.0000e+00 244140624999999970494906368.000
w1    skewnormal          -0.50     16     -6.2500e-02     5.9035e-02      1.059
w1    skewnormal          -0.50     32     -3.1250e-02     2.8621e-02      1.092
w1    skewnormal          -0.50     64     -1.5625e-02     1.3104e-02      1.192
w1    skewnormal          -0.50    128     -7.8125e-03     4.9575e-03      1.576
w1    skewnormal          -0.50    256     -3.9062e-03     1.8631e-03      2.097
w1    skewnormal          -0.50    512     -1.9531e-03     3.4807e-04      5.611
w1    skewnormal          -0.50   1024     -9.7656e-04     0.0000e+00 976562499999999881979625472.000
w1    skewnormal          -0.50   2048     -4.8828e-04     0.0000e+00 488281249999999940989812736.000
w1    skewnormal          -0.50   4096     -2.4414e-04     0.0000e+00 244140624999999970494906368.000
w1    skewnormal          +0.50     16     -6.2500e-02     6.1413e-02      1.018
w1    skewnormal          +0.50     32     -3.1250e-02     2.9550e-02      1.058
w1    skewnormal          +0.50     64     -1.5625e-02     1.3702e-02      1.140
w1    skewnormal          +0.50    128     -7.8125e-03     6.6891e-03      1.168
w1    skewnormal          +0.50    256     -3.9062e-03     2.5485e-03      1.533
w1    skewnormal          +0.50    512     -1.9531e-03     7.8375e-04      2.492
w1    skewnormal          +0.50   1024     -9.7656e-04     1.9913e-04      4.904
w1    skewnormal          +0.50   2048     -4.8828e-04     0.0000e+00 488281249999999940989812736.000
w1    skewnormal          +0.50   4096     -2.4414e-04     0.0000e+00 244140624999999970494906368.000
w1    skewnormal          +1.50     16     +6.2500e-02     5.5114e-02      1.134
w1    skewnormal          +1.50     32     +3.1250e-02     2.7088e-02      1.154
w1    skewnormal          +1.50     64     +1.5625e-02     1.2619e-02      1.238
w1    skewnormal          +1.50    128     +7.8125e-03     6.7356e-03      1.160
w1    skewnormal          +1.50    256     +3.9062e-03     2.5755e-03      1.517
w1    skewnormal          +1.50    512     +1.9531e-03     8.9457e-04      2.183
w1    skewnormal          +1.50   1024     +9.7656e-04     2.4887e-04      3.924
w1    skewnormal          +1.50   2048     +4.8828e-04     5.3422e-05      9.140
w1    skewnormal          +1.50   4096     +2.4414e-04     0.0000e+00 244140624999999970494906368.000

tep   standard_normal     -1.50     16     -3.4477e-02     1.2686e-01      0.272
tep   standard_normal     -1.50     32     -1.7038e-02     9.0897e-02      0.187
tep   standard_normal     -1.50     64     -3.7724e-03     6.5407e-02      0.058
tep   standard_normal     -1.50    128     -4.8452e-03     4.7183e-02      0.103
tep   standard_normal     -1.50    256     -1.2604e-03     3.1635e-02      0.040
tep   standard_normal     -1.50    512     -1.0953e-03     2.3051e-02      0.048
tep   standard_normal     -1.50   1024     -2.1830e-04     1.6523e-02      0.013
tep   standard_normal     -1.50   2048     -3.0863e-04     1.1311e-02      0.027
tep   standard_normal     -1.50   4096     -4.5866e-04     8.0720e-03      0.057
tep   standard_normal     -0.50     16     -2.0895e-02     1.9857e-01      0.105
tep   standard_normal     -0.50     32     -6.2631e-03     1.4019e-01      0.045
tep   standard_normal     -0.50     64     +1.6308e-04     9.9551e-02      0.002
tep   standard_normal     -0.50    128     +1.9848e-04     7.2098e-02      0.003
tep   standard_normal     -0.50    256     -1.9027e-04     5.0040e-02      0.004
tep   standard_normal     -0.50    512     -8.8720e-04     3.6160e-02      0.025
tep   standard_normal     -0.50   1024     -6.0789e-04     2.5000e-02      0.024
tep   standard_normal     -0.50   2048     -4.8682e-04     1.7874e-02      0.027
tep   standard_normal     -0.50   4096     -1.1501e-04     1.2545e-02      0.009
tep   standard_normal     +0.50     16     +1.9155e-02     2.0207e-01      0.095
tep   standard_normal     +0.50     32     +1.2858e-02     1.4173e-01      0.091
tep   standard_normal     +0.50     64     +1.7812e-03     1.0021e-01      0.018
tep   standard_normal     +0.50    128     +3.8937e-04     7.0183e-02      0.006
tep   standard_normal     +0.50    256     +4.2799e-04     5.0333e-02      0.009
tep   standard_normal     +0.50    512     +1.9267e-04     3.5546e-02      0.005
tep   standard_normal     +0.50   1024     -1.6835e-04     2.5530e-02      0.007
tep   standard_normal     +0.50   2048     +1.7390e-05     1.7769e-02      0.001
tep   standard_normal     +0.50   4096     +2.4216e-04     1.2583e-02      0.019
tep   standard_normal     +1.50     16     +3.8146e-02     1.2424e-01      0.307
tep   standard_normal     +1.50     32     +1.8528e-02     9.0438e-02      0.205
tep   standard_normal     +1.50     64     +7.3182e-03     6.4574e-02      0.113
tep   standard_normal     +1.50    128     +3.4887e-03     4.5434e-02      0.077
tep   standard_normal     +1.50    256     +5.4479e-04     3.2067e-02      0.017
tep   standard_normal     +1.50    512     +1.9884e-04     2.2593e-02      0.009
tep   standard_normal     +1.50   1024     +5.6392e-04     1.6311e-02      0.035
tep   standard_normal     +1.50   2048     +4.8646e-04     1.1586e-02      0.042
tep   standard_normal     +1.50   4096     +2.3049e-04     8.1251e-03      0.028

tep   shifted_normal      -1.50     16     -1.1601e-01     1.0404e-01      1.115
tep   shifted_normal      -1.50     32     -1.0245e-01     8.0779e-02      1.268
tep   shifted_normal      -1.50     64     -9.4825e-02     5.7051e-02      1.662
tep   shifted_normal      -1.50    128     -8.8604e-02     4.0220e-02      2.203
tep   shifted_normal      -1.50    256     -8.5201e-02     2.8530e-02      2.986
tep   shifted_normal      -1.50    512     -8.5248e-02     1.9622e-02      4.344
tep   shifted_normal      -1.50   1024     -8.4402e-02     1.4235e-02      5.929
tep   shifted_normal      -1.50   2048     -8.4493e-02     9.9890e-03      8.459
tep   shifted_normal      -1.50   4096     -8.4099e-02     7.1159e-03     11.818
tep   shifted_normal      -0.50     16     +1.9040e-01     1.5844e-01      1.202
tep   shifted_normal      -0.50     32     +1.9871e-01     1.1303e-01      1.758
tep   shifted_normal      -0.50     64     +2.1088e-01     8.3344e-02      2.530
tep   shifted_normal      -0.50    128     +2.1295e-01     5.6732e-02      3.754
tep   shifted_normal      -0.50    256     +2.1631e-01     4.0501e-02      5.341
tep   shifted_normal      -0.50    512     +2.1820e-01     2.9473e-02      7.404
tep   shifted_normal      -0.50   1024     +2.1855e-01     2.0385e-02     10.721
tep   shifted_normal      -0.50   2048     +2.1833e-01     1.4311e-02     15.256
tep   shifted_normal      -0.50   4096     +2.1884e-01     1.0112e-02     21.642
tep   shifted_normal      +0.50     16     +3.3061e-01     2.0425e-01      1.619
tep   shifted_normal      +0.50     32     +3.3557e-01     1.5711e-01      2.136
tep   shifted_normal      +0.50     64     +3.3353e-01     1.1041e-01      3.021
tep   shifted_normal      +0.50    128     +3.3035e-01     7.8979e-02      4.183
tep   shifted_normal      +0.50    256     +3.3050e-01     5.4530e-02      6.061
tep   shifted_normal      +0.50    512     +3.3131e-01     3.8325e-02      8.645
tep   shifted_normal      +0.50   1024     +3.3157e-01     2.7962e-02     11.858
tep   shifted_normal      +0.50   2048     +3.3197e-01     1.9848e-02     16.726
tep   shifted_normal      +0.50   4096     +3.3206e-01     1.3854e-02     23.968
tep   shifted_normal      +1.50     16     +8.2821e-02     1.5996e-01      0.518
tep   shifted_normal      +1.50     32     +7.7194e-02     1.1387e-01      0.678
tep   shifted_normal      +1.50     64     +6.1810e-02     8.1765e-02      0.756
tep   shifted_normal      +1.50    128     +5.8084e-02     5.7920e-02      1.003
tep   shifted_normal      +1.50    256     +5.5428e-02     4.0292e-02      1.376
tep   shifted_normal      +1.50    512     +5.2910e-02     2.9045e-02      1.822
tep   shifted_normal      +1.50   1024     +5.4193e-02     2.0729e-02      2.614
tep   shifted_normal      +1.50   2048     +5.3543e-02     1.4263e-02      3.754
tep   shifted_normal      +1.50   4096     +5.3412e-02     1.0131e-02      5.272

tep   scaled_normal       -1.50     16     -2.5948e-01     1.5800e-01      1.642
tep   scaled_normal       -1.50     32     -2.4924e-01     1.1255e-01      2.214
tep   scaled_normal       -1.50     64     -2.4655e-01     7.9204e-02      3.113
tep   scaled_normal       -1.50    128     -2.4323e-01     5.6482e-02      4.306
tep   scaled_normal       -1.50    256     -2.4226e-01     4.1785e-02      5.798
tep   scaled_normal       -1.50    512     -2.4279e-01     2.8113e-02      8.636
tep   scaled_normal       -1.50   1024     -2.4375e-01     2.0558e-02     11.857
tep   scaled_normal       -1.50   2048     -2.4205e-01     1.3890e-02     17.426
tep   scaled_normal       -1.50   4096     -2.4238e-01     9.8256e-03     24.668
tep   scaled_normal       -0.50     16     -1.7123e-01     1.9743e-01      0.867
tep   scaled_normal       -0.50     32     -1.7305e-01     1.3821e-01      1.252
tep   scaled_normal       -0.50     64     -1.6989e-01     9.9802e-02      1.702
tep   scaled_normal       -0.50    128     -1.6646e-01     7.2056e-02      2.310
tep   scaled_normal       -0.50    256     -1.6838e-01     5.1894e-02      3.245
tep   scaled_normal       -0.50    512     -1.6659e-01     3.6125e-02      4.611
tep   scaled_normal       -0.50   1024     -1.6796e-01     2.6007e-02      6.458
tep   scaled_normal       -0.50   2048     -1.6848e-01     1.7439e-02      9.661
tep   scaled_normal       -0.50   4096     -1.6750e-01     1.2782e-02     13.104
tep   scaled_normal       +0.50     16     +1.7609e-01     1.9560e-01      0.900
tep   scaled_normal       +0.50     32     +1.6991e-01     1.3988e-01      1.215
tep   scaled_normal       +0.50     64     +1.7237e-01     1.0090e-01      1.708
tep   scaled_normal       +0.50    128     +1.6965e-01     7.0303e-02      2.413
tep   scaled_normal       +0.50    256     +1.6835e-01     5.0939e-02      3.305
tep   scaled_normal       +0.50    512     +1.6989e-01     3.5281e-02      4.815
tep   scaled_normal       +0.50   1024     +1.6848e-01     2.5127e-02      6.705
tep   scaled_normal       +0.50   2048     +1.6696e-01     1.7412e-02      9.589
tep   scaled_normal       +0.50   4096     +1.6836e-01     1.2402e-02     13.576
tep   scaled_normal       +1.50     16     +2.5939e-01     1.5620e-01      1.661
tep   scaled_normal       +1.50     32     +2.5087e-01     1.1597e-01      2.163
tep   scaled_normal       +1.50     64     +2.4971e-01     7.8539e-02      3.179
tep   scaled_normal       +1.50    128     +2.4117e-01     5.6842e-02      4.243
tep   scaled_normal       +1.50    256     +2.4122e-01     4.1109e-02      5.868
tep   scaled_normal       +1.50    512     +2.4343e-01     2.8603e-02      8.511
tep   scaled_normal       +1.50   1024     +2.4288e-01     2.0293e-02     11.969
tep   scaled_normal       +1.50   2048     +2.4200e-01     1.4405e-02     16.799
tep   scaled_normal       +1.50   4096     +2.4231e-01     1.0067e-02     24.069

tep   laplace             -1.50     16     +2.8319e-02     1.2387e-01      0.229
tep   laplace             -1.50     32     +4.8620e-02     9.1658e-02      0.530
tep   laplace             -1.50     64     +5.8683e-02     6.3712e-02      0.921
tep   laplace             -1.50    128     +6.0005e-02     4.5881e-02      1.308
tep   laplace             -1.50    256     +6.2718e-02     3.2347e-02      1.939
tep   laplace             -1.50    512     +6.3260e-02     2.2357e-02      2.830
tep   laplace             -1.50   1024     +6.4887e-02     1.5294e-02      4.243
tep   laplace             -1.50   2048     +6.5493e-02     1.1331e-02      5.780
tep   laplace             -1.50   4096     +6.5444e-02     7.9500e-03      8.232
tep   laplace             -0.50     16     +9.6589e-02     1.7884e-01      0.540
tep   laplace             -0.50     32     +1.0207e-01     1.2622e-01      0.809
tep   laplace             -0.50     64     +1.0904e-01     9.1330e-02      1.194
tep   laplace             -0.50    128     +1.0891e-01     6.5888e-02      1.653
tep   laplace             -0.50    256     +1.0963e-01     4.5289e-02      2.421
tep   laplace             -0.50    512     +1.1022e-01     3.2510e-02      3.390
tep   laplace             -0.50   1024     +1.1114e-01     2.3082e-02      4.815
tep   laplace             -0.50   2048     +1.1102e-01     1.6888e-02      6.574
tep   laplace             -0.50   4096     +1.1055e-01     1.1597e-02      9.533
tep   laplace             +0.50     16     -8.3193e-02     1.8294e-01      0.455
tep   laplace             +0.50     32     -9.9049e-02     1.2629e-01      0.784
tep   laplace             +0.50     64     -1.0673e-01     9.3335e-02      1.144
tep   laplace             +0.50    128     -1.0371e-01     6.6950e-02      1.549
tep   laplace             +0.50    256     -1.0942e-01     4.6445e-02      2.356
tep   laplace             +0.50    512     -1.0911e-01     3.2546e-02      3.353
tep   laplace             +0.50   1024     -1.1048e-01     2.2606e-02      4.887
tep   laplace             +0.50   2048     -1.1077e-01     1.6712e-02      6.628
tep   laplace             +0.50   4096     -1.1087e-01     1.1640e-02      9.525
tep   laplace             +1.50     16     -3.1008e-02     1.2369e-01      0.251
tep   laplace             +1.50     32     -5.0169e-02     8.7215e-02      0.575
tep   laplace             +1.50     64     -5.7744e-02     6.3379e-02      0.911
tep   laplace             +1.50    128     -6.0146e-02     4.5908e-02      1.310
tep   laplace             +1.50    256     -6.3285e-02     3.1867e-02      1.986
tep   laplace             +1.50    512     -6.4191e-02     2.2501e-02      2.853
tep   laplace             +1.50   1024     -6.5508e-02     1.5730e-02      4.165
tep   laplace             +1.50   2048     -6.5140e-02     1.1501e-02      5.664
tep   laplace             +1.50   4096     -6.5216e-02     8.1426e-03      8.009

tep   student_t5          -1.50     16     +2.1491e-02     1.2054e-01      0.178
tep   student_t5          -1.50     32     +3.9073e-02     8.4494e-02      0.462
tep   student_t5          -1.50     64     +5.1451e-02     6.2213e-02      0.827
tep   student_t5          -1.50    128     +5.2858e-02     4.2942e-02      1.231
tep   student_t5          -1.50    256     +5.5547e-02     3.1327e-02      1.773
tep   student_t5          -1.50    512     +5.6856e-02     2.2403e-02      2.538
tep   student_t5          -1.50   1024     +5.5842e-02     1.5489e-02      3.605
tep   student_t5          -1.50   2048     +5.7678e-02     1.1077e-02      5.207
tep   student_t5          -1.50   4096     +5.7692e-02     8.0579e-03      7.160
tep   student_t5          -0.50     16     +5.1906e-02     1.8236e-01      0.285
tep   student_t5          -0.50     32     +6.8752e-02     1.3335e-01      0.516
tep   student_t5          -0.50     64     +7.5453e-02     9.4062e-02      0.802
tep   student_t5          -0.50    128     +7.2739e-02     6.6531e-02      1.093
tep   student_t5          -0.50    256     +7.4996e-02     4.8857e-02      1.535
tep   student_t5          -0.50    512     +7.6886e-02     3.4002e-02      2.261
tep   student_t5          -0.50   1024     +7.6463e-02     2.4014e-02      3.184
tep   student_t5          -0.50   2048     +7.7373e-02     1.7145e-02      4.513
tep   student_t5          -0.50   4096     +7.6487e-02     1.1734e-02      6.518
tep   student_t5          +0.50     16     -6.0823e-02     1.8516e-01      0.328
tep   student_t5          +0.50     32     -6.8377e-02     1.3202e-01      0.518
tep   student_t5          +0.50     64     -7.3812e-02     9.6077e-02      0.768
tep   student_t5          +0.50    128     -7.3730e-02     6.7403e-02      1.094
tep   student_t5          +0.50    256     -7.7329e-02     4.7399e-02      1.631
tep   student_t5          +0.50    512     -7.7738e-02     3.4493e-02      2.254
tep   student_t5          +0.50   1024     -7.6302e-02     2.3755e-02      3.212
tep   student_t5          +0.50   2048     -7.7853e-02     1.7227e-02      4.519
tep   student_t5          +0.50   4096     -7.7422e-02     1.2065e-02      6.417
tep   student_t5          +1.50     16     -1.8143e-02     1.2093e-01      0.150
tep   student_t5          +1.50     32     -3.9663e-02     8.6869e-02      0.457
tep   student_t5          +1.50     64     -5.1621e-02     6.1251e-02      0.843
tep   student_t5          +1.50    128     -5.3145e-02     4.3923e-02      1.210
tep   student_t5          +1.50    256     -5.5723e-02     3.1560e-02      1.766
tep   student_t5          +1.50    512     -5.7072e-02     2.2513e-02      2.535
tep   student_t5          +1.50   1024     -5.6543e-02     1.5460e-02      3.657
tep   student_t5          +1.50   2048     -5.7656e-02     1.1250e-02      5.125
tep   student_t5          +1.50   4096     -5.7126e-02     7.8251e-03      7.300

tep   uniform             -1.50     16     -7.9320e-02     1.0977e-01      0.723
tep   uniform             -1.50     32     -6.2187e-02     7.8387e-02      0.793
tep   uniform             -1.50     64     -5.3202e-02     5.6322e-02      0.945
tep   uniform             -1.50    128     -4.9282e-02     3.8905e-02      1.267
tep   uniform             -1.50    256     -4.6867e-02     2.7686e-02      1.693
tep   uniform             -1.50    512     -4.6705e-02     1.9525e-02      2.392
tep   uniform             -1.50   1024     -4.6569e-02     1.4388e-02      3.237
tep   uniform             -1.50   2048     -4.5895e-02     9.7554e-03      4.705
tep   uniform             -1.50   4096     -4.5691e-02     7.1275e-03      6.411
tep   uniform             -0.50     16     -1.1728e-01     2.1478e-01      0.546
tep   uniform             -0.50     32     -1.1647e-01     1.5018e-01      0.776
tep   uniform             -0.50     64     -1.1464e-01     1.0708e-01      1.071
tep   uniform             -0.50    128     -1.0756e-01     7.7031e-02      1.396
tep   uniform             -0.50    256     -1.0881e-01     5.4199e-02      2.008
tep   uniform             -0.50    512     -1.0922e-01     3.8601e-02      2.829
tep   uniform             -0.50   1024     -1.1033e-01     2.7712e-02      3.981
tep   uniform             -0.50   2048     -1.1094e-01     1.9308e-02      5.746
tep   uniform             -0.50   4096     -1.0991e-01     1.3463e-02      8.164
tep   uniform             +0.50     16     +1.1324e-01     2.1592e-01      0.524
tep   uniform             +0.50     32     +1.1482e-01     1.5125e-01      0.759
tep   uniform             +0.50     64     +1.0969e-01     1.0829e-01      1.013
tep   uniform             +0.50    128     +1.0904e-01     7.5907e-02      1.437
tep   uniform             +0.50    256     +1.1016e-01     5.2803e-02      2.086
tep   uniform             +0.50    512     +1.1033e-01     3.7558e-02      2.938
tep   uniform             +0.50   1024     +1.1017e-01     2.7938e-02      3.943
tep   uniform             +0.50   2048     +1.1018e-01     1.9493e-02      5.652
tep   uniform             +0.50   4096     +1.0953e-01     1.3614e-02      8.045
tep   uniform             +1.50     16     +7.8407e-02     1.1089e-01      0.707
tep   uniform             +1.50     32     +6.6835e-02     7.7267e-02      0.865
tep   uniform             +1.50     64     +5.6112e-02     5.5171e-02      1.017
tep   uniform             +1.50    128     +4.9974e-02     3.9487e-02      1.266
tep   uniform             +1.50    256     +4.7499e-02     2.8093e-02      1.691
tep   uniform             +1.50    512     +4.6207e-02     2.0434e-02      2.261
tep   uniform             +1.50   1024     +4.5982e-02     1.4572e-02      3.155
tep   uniform             +1.50   2048     +4.6148e-02     9.8544e-03      4.683
tep   uniform             +1.50   4096     +4.5549e-02     6.8754e-03      6.625

tep   mixture_gauss       -1.50     16     -7.4945e-02     1.0795e-01      0.694
tep   mixture_gauss       -1.50     32     -5.8896e-02     7.6192e-02      0.773
tep   mixture_gauss       -1.50     64     -4.8658e-02     5.6082e-02      0.868
tep   mixture_gauss       -1.50    128     -4.5154e-02     3.9210e-02      1.152
tep   mixture_gauss       -1.50    256     -4.4286e-02     2.7479e-02      1.612
tep   mixture_gauss       -1.50    512     -4.2470e-02     1.9224e-02      2.209
tep   mixture_gauss       -1.50   1024     -4.2346e-02     1.4195e-02      2.983
tep   mixture_gauss       -1.50   2048     -4.1944e-02     9.9113e-03      4.232
tep   mixture_gauss       -1.50   4096     -4.1933e-02     7.0861e-03      5.918
tep   mixture_gauss       -0.50     16     -1.5407e-01     2.1019e-01      0.733
tep   mixture_gauss       -0.50     32     -1.4654e-01     1.5681e-01      0.935
tep   mixture_gauss       -0.50     64     -1.4653e-01     1.0922e-01      1.342
tep   mixture_gauss       -0.50    128     -1.4518e-01     7.7783e-02      1.867
tep   mixture_gauss       -0.50    256     -1.4258e-01     5.6240e-02      2.535
tep   mixture_gauss       -0.50    512     -1.4216e-01     3.8923e-02      3.652
tep   mixture_gauss       -0.50   1024     -1.4160e-01     2.7923e-02      5.071
tep   mixture_gauss       -0.50   2048     -1.4180e-01     1.9326e-02      7.337
tep   mixture_gauss       -0.50   4096     -1.4124e-01     1.4127e-02      9.998
tep   mixture_gauss       +0.50     16     +1.4353e-01     2.1125e-01      0.679
tep   mixture_gauss       +0.50     32     +1.4044e-01     1.5433e-01      0.910
tep   mixture_gauss       +0.50     64     +1.4080e-01     1.0959e-01      1.285
tep   mixture_gauss       +0.50    128     +1.4015e-01     7.8489e-02      1.786
tep   mixture_gauss       +0.50    256     +1.4360e-01     5.5186e-02      2.602
tep   mixture_gauss       +0.50    512     +1.4058e-01     3.8084e-02      3.691
tep   mixture_gauss       +0.50   1024     +1.4209e-01     2.8137e-02      5.050
tep   mixture_gauss       +0.50   2048     +1.4089e-01     1.9719e-02      7.145
tep   mixture_gauss       +0.50   4096     +1.4167e-01     1.3997e-02     10.121
tep   mixture_gauss       +1.50     16     +7.0231e-02     1.1017e-01      0.637
tep   mixture_gauss       +1.50     32     +5.8544e-02     7.9391e-02      0.737
tep   mixture_gauss       +1.50     64     +5.1496e-02     5.6237e-02      0.916
tep   mixture_gauss       +1.50    128     +4.5763e-02     3.9261e-02      1.166
tep   mixture_gauss       +1.50    256     +4.3701e-02     2.9120e-02      1.501
tep   mixture_gauss       +1.50    512     +4.2992e-02     1.9907e-02      2.160
tep   mixture_gauss       +1.50   1024     +4.2493e-02     1.4144e-02      3.004
tep   mixture_gauss       +1.50   2048     +4.2153e-02     9.8450e-03      4.282
tep   mixture_gauss       +1.50   4096     +4.1694e-02     6.9997e-03      5.957

tep   skewnormal          -1.50     16     +5.5543e-02     1.0676e-01      0.520
tep   skewnormal          -1.50     32     +7.7503e-02     7.8013e-02      0.993
tep   skewnormal          -1.50     64     +8.8188e-02     5.4627e-02      1.614
tep   skewnormal          -1.50    128     +9.0448e-02     3.9489e-02      2.290
tep   skewnormal          -1.50    256     +9.6016e-02     2.7545e-02      3.486
tep   skewnormal          -1.50    512     +9.6114e-02     1.9891e-02      4.832
tep   skewnormal          -1.50   1024     +9.6951e-02     1.3359e-02      7.258
tep   skewnormal          -1.50   2048     +9.7243e-02     9.7882e-03      9.935
tep   skewnormal          -1.50   4096     +9.7277e-02     6.7481e-03     14.415
tep   skewnormal          -0.50     16     -1.1095e-01     1.8879e-01      0.588
tep   skewnormal          -0.50     32     -1.0967e-01     1.4341e-01      0.765
tep   skewnormal          -0.50     64     -1.0719e-01     9.9587e-02      1.076
tep   skewnormal          -0.50    128     -1.0484e-01     6.9043e-02      1.518
tep   skewnormal          -0.50    256     -1.0406e-01     4.9863e-02      2.087
tep   skewnormal          -0.50    512     -1.0507e-01     3.4272e-02      3.066
tep   skewnormal          -0.50   1024     -1.0288e-01     2.5222e-02      4.079
tep   skewnormal          -0.50   2048     -1.0317e-01     1.7470e-02      5.906
tep   skewnormal          -0.50   4096     -1.0320e-01     1.2471e-02      8.275
tep   skewnormal          +0.50     16     -8.9775e-02     1.9553e-01      0.459
tep   skewnormal          +0.50     32     -1.0618e-01     1.4149e-01      0.750
tep   skewnormal          +0.50     64     -1.1107e-01     9.8342e-02      1.129
tep   skewnormal          +0.50    128     -1.1060e-01     7.0444e-02      1.570
tep   skewnormal          +0.50    256     -1.1374e-01     4.8961e-02      2.323
tep   skewnormal          +0.50    512     -1.1495e-01     3.5229e-02      3.263
tep   skewnormal          +0.50   1024     -1.1415e-01     2.4770e-02      4.608
tep   skewnormal          +0.50   2048     -1.1452e-01     1.8106e-02      6.325
tep   skewnormal          +0.50   4096     -1.1415e-01     1.2239e-02      9.327
tep   skewnormal          +1.50     16     +8.7944e-02     1.2976e-01      0.678
tep   skewnormal          +1.50     32     +7.8203e-02     9.5782e-02      0.816
tep   skewnormal          +1.50     64     +7.0986e-02     6.7103e-02      1.058
tep   skewnormal          +1.50    128     +6.7365e-02     4.7637e-02      1.414
tep   skewnormal          +1.50    256     +6.3804e-02     3.3883e-02      1.883
tep   skewnormal          +1.50    512     +6.5705e-02     2.4355e-02      2.698
tep   skewnormal          +1.50   1024     +6.4100e-02     1.6867e-02      3.800
tep   skewnormal          +1.50   2048     +6.3900e-02     1.1871e-02      5.383
tep   skewnormal          +1.50   4096     +6.4150e-02     8.4555e-03      7.587

in    standard_normal     -1.50     16     -2.1548e-03     7.9286e-03      0.272
in    standard_normal     -1.50     32     -5.3242e-04     2.8405e-03      0.187
in    standard_normal     -1.50     64     -5.8943e-05     1.0220e-03      0.058
in    standard_normal     -1.50    128     -3.7853e-05     3.6862e-04      0.103
in    standard_normal     -1.50    256     -4.9233e-06     1.2357e-04      0.040
in    standard_normal     -1.50    512     -2.1392e-06     4.5021e-05      0.048
in    standard_normal     -1.50   1024     -2.1319e-07     1.6136e-05      0.013
in    standard_normal     -1.50   2048     -1.5070e-07     5.5231e-06      0.027
in    standard_normal     -1.50   4096     -1.1198e-07     1.9707e-06      0.057
in    standard_normal     -0.50     16     -1.3059e-03     1.2411e-02      0.105
in    standard_normal     -0.50     32     -1.9572e-04     4.3811e-03      0.045
in    standard_normal     -0.50     64     +2.5481e-06     1.5555e-03      0.002
in    standard_normal     -0.50    128     +1.5507e-06     5.6326e-04      0.003
in    standard_normal     -0.50    256     -7.4325e-07     1.9547e-04      0.004
in    standard_normal     -0.50    512     -1.7328e-06     7.0625e-05      0.025
in    standard_normal     -0.50   1024     -5.9365e-07     2.4414e-05      0.024
in    standard_normal     -0.50   2048     -2.3771e-07     8.7275e-06      0.027
in    standard_normal     -0.50   4096     -2.8078e-08     3.0627e-06      0.009
in    standard_normal     +0.50     16     +1.1972e-03     1.2629e-02      0.095
in    standard_normal     +0.50     32     +4.0182e-04     4.4291e-03      0.091
in    standard_normal     +0.50     64     +2.7832e-05     1.5658e-03      0.018
in    standard_normal     +0.50    128     +3.0419e-06     5.4831e-04      0.006
in    standard_normal     +0.50    256     +1.6718e-06     1.9661e-04      0.009
in    standard_normal     +0.50    512     +3.7631e-07     6.9426e-05      0.005
in    standard_normal     +0.50   1024     -1.6441e-07     2.4931e-05      0.007
in    standard_normal     +0.50   2048     +8.4910e-09     8.6764e-06      0.001
in    standard_normal     +0.50   4096     +5.9121e-08     3.0719e-06      0.019
in    standard_normal     +1.50     16     +2.3841e-03     7.7651e-03      0.307
in    standard_normal     +1.50     32     +5.7901e-04     2.8262e-03      0.205
in    standard_normal     +1.50     64     +1.1435e-04     1.0090e-03      0.113
in    standard_normal     +1.50    128     +2.7256e-05     3.5495e-04      0.077
in    standard_normal     +1.50    256     +2.1281e-06     1.2526e-04      0.017
in    standard_normal     +1.50    512     +3.8836e-07     4.4127e-05      0.009
in    standard_normal     +1.50   1024     +5.5070e-07     1.5929e-05      0.035
in    standard_normal     +1.50   2048     +2.3753e-07     5.6571e-06      0.042
in    standard_normal     +1.50   4096     +5.6272e-08     1.9837e-06      0.028

in    shifted_normal      -1.50     16     -7.2509e-03     6.5028e-03      1.115
in    shifted_normal      -1.50     32     -3.2016e-03     2.5243e-03      1.268
in    shifted_normal      -1.50     64     -1.4816e-03     8.9143e-04      1.662
in    shifted_normal      -1.50    128     -6.9222e-04     3.1422e-04      2.203
in    shifted_normal      -1.50    256     -3.3282e-04     1.1145e-04      2.986
in    shifted_normal      -1.50    512     -1.6650e-04     3.8325e-05      4.344
in    shifted_normal      -1.50   1024     -8.2424e-05     1.3902e-05      5.929
in    shifted_normal      -1.50   2048     -4.1257e-05     4.8774e-06      8.459
in    shifted_normal      -1.50   4096     -2.0532e-05     1.7373e-06     11.818
in    shifted_normal      -0.50     16     +1.1900e-02     9.9025e-03      1.202
in    shifted_normal      -0.50     32     +6.2098e-03     3.5321e-03      1.758
in    shifted_normal      -0.50     64     +3.2950e-03     1.3022e-03      2.530
in    shifted_normal      -0.50    128     +1.6637e-03     4.4322e-04      3.754
in    shifted_normal      -0.50    256     +8.4494e-04     1.5821e-04      5.341
in    shifted_normal      -0.50    512     +4.2618e-04     5.7564e-05      7.404
in    shifted_normal      -0.50   1024     +2.1343e-04     1.9907e-05     10.721
in    shifted_normal      -0.50   2048     +1.0661e-04     6.9878e-06     15.256
in    shifted_normal      -0.50   4096     +5.3428e-05     2.4687e-06     21.642
in    shifted_normal      +0.50     16     +2.0663e-02     1.2766e-02      1.619
in    shifted_normal      +0.50     32     +1.0486e-02     4.9097e-03      2.136
in    shifted_normal      +0.50     64     +5.2115e-03     1.7251e-03      3.021
in    shifted_normal      +0.50    128     +2.5809e-03     6.1702e-04      4.183
in    shifted_normal      +0.50    256     +1.2910e-03     2.1301e-04      6.061
in    shifted_normal      +0.50    512     +6.4708e-04     7.4853e-05      8.645
in    shifted_normal      +0.50   1024     +3.2380e-04     2.7307e-05     11.858
in    shifted_normal      +0.50   2048     +1.6209e-04     9.6912e-06     16.726
in    shifted_normal      +0.50   4096     +8.1070e-05     3.3824e-06     23.968
in    shifted_normal      +1.50     16     +5.1763e-03     9.9973e-03      0.518
in    shifted_normal      +1.50     32     +2.4123e-03     3.5586e-03      0.678
in    shifted_normal      +1.50     64     +9.6579e-04     1.2776e-03      0.756
in    shifted_normal      +1.50    128     +4.5378e-04     4.5250e-04      1.003
in    shifted_normal      +1.50    256     +2.1652e-04     1.5739e-04      1.376
in    shifted_normal      +1.50    512     +1.0334e-04     5.6729e-05      1.822
in    shifted_normal      +1.50   1024     +5.2922e-05     2.0243e-05      2.614
in    shifted_normal      +1.50   2048     +2.6144e-05     6.9645e-06      3.754
in    shifted_normal      +1.50   4096     +1.3040e-05     2.4734e-06      5.272

in    scaled_normal       -1.50     16     -1.6217e-02     9.8749e-03      1.642
in    scaled_normal       -1.50     32     -7.7887e-03     3.5172e-03      2.214
in    scaled_normal       -1.50     64     -3.8524e-03     1.2376e-03      3.113
in    scaled_normal       -1.50    128     -1.9002e-03     4.4126e-04      4.306
in    scaled_normal       -1.50    256     -9.4633e-04     1.6322e-04      5.798
in    scaled_normal       -1.50    512     -4.7420e-04     5.4908e-05      8.636
in    scaled_normal       -1.50   1024     -2.3803e-04     2.0076e-05     11.857
in    scaled_normal       -1.50   2048     -1.1819e-04     6.7821e-06     17.426
in    scaled_normal       -1.50   4096     -5.9174e-05     2.3988e-06     24.668
in    scaled_normal       -0.50     16     -1.0702e-02     1.2340e-02      0.867
in    scaled_normal       -0.50     32     -5.4079e-03     4.3190e-03      1.252
in    scaled_normal       -0.50     64     -2.6546e-03     1.5594e-03      1.702
in    scaled_normal       -0.50    128     -1.3005e-03     5.6294e-04      2.310
in    scaled_normal       -0.50    256     -6.5774e-04     2.0271e-04      3.245
in    scaled_normal       -0.50    512     -3.2537e-04     7.0558e-05      4.611
in    scaled_normal       -0.50   1024     -1.6402e-04     2.5397e-05      6.458
in    scaled_normal       -0.50   2048     -8.2267e-05     8.5154e-06      9.661
in    scaled_normal       -0.50   4096     -4.0893e-05     3.1205e-06     13.104
in    scaled_normal       +0.50     16     +1.1006e-02     1.2225e-02      0.900
in    scaled_normal       +0.50     32     +5.3097e-03     4.3711e-03      1.215
in    scaled_normal       +0.50     64     +2.6932e-03     1.5766e-03      1.708
in    scaled_normal       +0.50    128     +1.3254e-03     5.4924e-04      2.413
in    scaled_normal       +0.50    256     +6.5763e-04     1.9898e-04      3.305
in    scaled_normal       +0.50    512     +3.3181e-04     6.8908e-05      4.815
in    scaled_normal       +0.50   1024     +1.6453e-04     2.4538e-05      6.705
in    scaled_normal       +0.50   2048     +8.1525e-05     8.5022e-06      9.589
in    scaled_normal       +0.50   4096     +4.1104e-05     3.0278e-06     13.576
in    scaled_normal       +1.50     16     +1.6212e-02     9.7623e-03      1.661
in    scaled_normal       +1.50     32     +7.8396e-03     3.6240e-03      2.163
in    scaled_normal       +1.50     64     +3.9018e-03     1.2272e-03      3.179
in    scaled_normal       +1.50    128     +1.8841e-03     4.4408e-04      4.243
in    scaled_normal       +1.50    256     +9.4226e-04     1.6058e-04      5.868
in    scaled_normal       +1.50    512     +4.7545e-04     5.5865e-05      8.511
in    scaled_normal       +1.50   1024     +2.3719e-04     1.9817e-05     11.969
in    scaled_normal       +1.50   2048     +1.1816e-04     7.0338e-06     16.799
in    scaled_normal       +1.50   4096     +5.9157e-05     2.4578e-06     24.069

in    laplace             -1.50     16     +1.7699e-03     7.7421e-03      0.229
in    laplace             -1.50     32     +1.5194e-03     2.8643e-03      0.530
in    laplace             -1.50     64     +9.1693e-04     9.9549e-04      0.921
in    laplace             -1.50    128     +4.6879e-04     3.5845e-04      1.308
in    laplace             -1.50    256     +2.4499e-04     1.2636e-04      1.939
in    laplace             -1.50    512     +1.2356e-04     4.3665e-05      2.830
in    laplace             -1.50   1024     +6.3367e-05     1.4935e-05      4.243
in    laplace             -1.50   2048     +3.1979e-05     5.5327e-06      5.780
in    laplace             -1.50   4096     +1.5978e-05     1.9409e-06      8.232
in    laplace             -0.50     16     +6.0368e-03     1.1178e-02      0.540
in    laplace             -0.50     32     +3.1896e-03     3.9444e-03      0.809
in    laplace             -0.50     64     +1.7038e-03     1.4270e-03      1.194
in    laplace             -0.50    128     +8.5090e-04     5.1475e-04      1.653
in    laplace             -0.50    256     +4.2825e-04     1.7691e-04      2.421
in    laplace             -0.50    512     +2.1528e-04     6.3496e-05      3.390
in    laplace             -0.50   1024     +1.0854e-04     2.2541e-05      4.815
in    laplace             -0.50   2048     +5.4210e-05     8.2459e-06      6.574
in    laplace             -0.50   4096     +2.6990e-05     2.8312e-06      9.533
in    laplace             +0.50     16     -5.1996e-03     1.1434e-02      0.455
in    laplace             +0.50     32     -3.0953e-03     3.9465e-03      0.784
in    laplace             +0.50     64     -1.6677e-03     1.4584e-03      1.144
in    laplace             +0.50    128     -8.1021e-04     5.2305e-04      1.549
in    laplace             +0.50    256     -4.2741e-04     1.8143e-04      2.356
in    laplace             +0.50    512     -2.1311e-04     6.3567e-05      3.353
in    laplace             +0.50   1024     -1.0789e-04     2.2076e-05      4.887
in    laplace             +0.50   2048     -5.4089e-05     8.1600e-06      6.628
in    laplace             +0.50   4096     -2.7067e-05     2.8417e-06      9.525
in    laplace             +1.50     16     -1.9380e-03     7.7305e-03      0.251
in    laplace             +1.50     32     -1.5678e-03     2.7255e-03      0.575
in    laplace             +1.50     64     -9.0225e-04     9.9030e-04      0.911
in    laplace             +1.50    128     -4.6989e-04     3.5866e-04      1.310
in    laplace             +1.50    256     -2.4721e-04     1.2448e-04      1.986
in    laplace             +1.50    512     -1.2537e-04     4.3947e-05      2.853
in    laplace             +1.50   1024     -6.3973e-05     1.5361e-05      4.165
in    laplace             +1.50   2048     -3.1807e-05     5.6159e-06      5.664
in    laplace             +1.50   4096     -1.5922e-05     1.9879e-06      8.009

in    student_t5          -1.50     16     +1.3432e-03     7.5337e-03      0.178
in    student_t5          -1.50     32     +1.2210e-03     2.6404e-03      0.462
in    student_t5          -1.50     64     +8.0392e-04     9.7208e-04      0.827
in    student_t5          -1.50    128     +4.1296e-04     3.3548e-04      1.231
in    student_t5          -1.50    256     +2.1698e-04     1.2237e-04      1.773
in    student_t5          -1.50    512     +1.1105e-04     4.3756e-05      2.538
in    student_t5          -1.50   1024     +5.4533e-05     1.5126e-05      3.605
in    student_t5          -1.50   2048     +2.8163e-05     5.4089e-06      5.207
in    student_t5          -1.50   4096     +1.4085e-05     1.9673e-06      7.160
in    student_t5          -0.50     16     +3.2441e-03     1.1397e-02      0.285
in    student_t5          -0.50     32     +2.1485e-03     4.1673e-03      0.516
in    student_t5          -0.50     64     +1.1789e-03     1.4697e-03      0.802
in    student_t5          -0.50    128     +5.6828e-04     5.1977e-04      1.093
in    student_t5          -0.50    256     +2.9295e-04     1.9085e-04      1.535
in    student_t5          -0.50    512     +1.5017e-04     6.6409e-05      2.261
in    student_t5          -0.50   1024     +7.4671e-05     2.3451e-05      3.184
in    student_t5          -0.50   2048     +3.7780e-05     8.3714e-06      4.513
in    student_t5          -0.50   4096     +1.8674e-05     2.8648e-06      6.518
in    student_t5          +0.50     16     -3.8014e-03     1.1573e-02      0.328
in    student_t5          +0.50     32     -2.1368e-03     4.1257e-03      0.518
in    student_t5          +0.50     64     -1.1533e-03     1.5012e-03      0.768
in    student_t5          +0.50    128     -5.7602e-04     5.2659e-04      1.094
in    student_t5          +0.50    256     -3.0207e-04     1.8515e-04      1.631
in    student_t5          +0.50    512     -1.5183e-04     6.7370e-05      2.254
in    student_t5          +0.50   1024     -7.4514e-05     2.3199e-05      3.212
in    student_t5          +0.50   2048     -3.8014e-05     8.4116e-06      4.519
in    student_t5          +0.50   4096     -1.8902e-05     2.9455e-06      6.417
in    student_t5          +1.50     16     -1.1339e-03     7.5582e-03      0.150
in    student_t5          +1.50     32     -1.2395e-03     2.7147e-03      0.457
in    student_t5          +1.50     64     -8.0658e-04     9.5705e-04      0.843
in    student_t5          +1.50    128     -4.1519e-04     3.4315e-04      1.210
in    student_t5          +1.50    256     -2.1767e-04     1.2328e-04      1.766
in    student_t5          +1.50    512     -1.1147e-04     4.3970e-05      2.535
in    student_t5          +1.50   1024     -5.5218e-05     1.5097e-05      3.657
in    student_t5          +1.50   2048     -2.8153e-05     5.4934e-06      5.125
in    student_t5          +1.50   4096     -1.3947e-05     1.9104e-06      7.300

in    uniform             -1.50     16     -4.9575e-03     6.8606e-03      0.723
in    uniform             -1.50     32     -1.9433e-03     2.4496e-03      0.793
in    uniform             -1.50     64     -8.3127e-04     8.8003e-04      0.945
in    uniform             -1.50    128     -3.8501e-04     3.0394e-04      1.267
in    uniform             -1.50    256     -1.8307e-04     1.0815e-04      1.693
in    uniform             -1.50    512     -9.1220e-05     3.8134e-05      2.392
in    uniform             -1.50   1024     -4.5478e-05     1.4050e-05      3.237
in    uniform             -1.50   2048     -2.2410e-05     4.7634e-06      4.705
in    uniform             -1.50   4096     -1.1155e-05     1.7401e-06      6.411
in    uniform             -0.50     16     -7.3297e-03     1.3424e-02      0.546
in    uniform             -0.50     32     -3.6398e-03     4.6931e-03      0.776
in    uniform             -0.50     64     -1.7913e-03     1.6731e-03      1.071
in    uniform             -0.50    128     -8.4029e-04     6.0181e-04      1.396
in    uniform             -0.50    256     -4.2506e-04     2.1172e-04      2.008
in    uniform             -0.50    512     -2.1331e-04     7.5392e-05      2.829
in    uniform             -0.50   1024     -1.0775e-04     2.7063e-05      3.981
in    uniform             -0.50   2048     -5.4170e-05     9.4278e-06      5.746
in    uniform             -0.50   4096     -2.6833e-05     3.2868e-06      8.164
in    uniform             +0.50     16     +7.0777e-03     1.3495e-02      0.524
in    uniform             +0.50     32     +3.5882e-03     4.7264e-03      0.759
in    uniform             +0.50     64     +1.7138e-03     1.6920e-03      1.013
in    uniform             +0.50    128     +8.5189e-04     5.9302e-04      1.437
in    uniform             +0.50    256     +4.3030e-04     2.0626e-04      2.086
in    uniform             +0.50    512     +2.1548e-04     7.3355e-05      2.938
in    uniform             +0.50   1024     +1.0758e-04     2.7283e-05      3.943
in    uniform             +0.50   2048     +5.3800e-05     9.5179e-06      5.652
in    uniform             +0.50   4096     +2.6740e-05     3.3236e-06      8.045
in    uniform             +1.50     16     +4.9005e-03     6.9307e-03      0.707
in    uniform             +1.50     32     +2.0886e-03     2.4146e-03      0.865
in    uniform             +1.50     64     +8.7675e-04     8.6205e-04      1.017
in    uniform             +1.50    128     +3.9042e-04     3.0849e-04      1.266
in    uniform             +1.50    256     +1.8554e-04     1.0974e-04      1.691
in    uniform             +1.50    512     +9.0248e-05     3.9909e-05      2.261
in    uniform             +1.50   1024     +4.4904e-05     1.4231e-05      3.155
in    uniform             +1.50   2048     +2.2533e-05     4.8117e-06      4.683
in    uniform             +1.50   4096     +1.1120e-05     1.6786e-06      6.625

in    mixture_gauss       -1.50     16     -4.6841e-03     6.7472e-03      0.694
in    mixture_gauss       -1.50     32     -1.8405e-03     2.3810e-03      0.773
in    mixture_gauss       -1.50     64     -7.6028e-04     8.7628e-04      0.868
in    mixture_gauss       -1.50    128     -3.5276e-04     3.0633e-04      1.152
in    mixture_gauss       -1.50    256     -1.7299e-04     1.0734e-04      1.612
in    mixture_gauss       -1.50    512     -8.2949e-05     3.7547e-05      2.209
in    mixture_gauss       -1.50   1024     -4.1353e-05     1.3862e-05      2.983
in    mixture_gauss       -1.50   2048     -2.0480e-05     4.8395e-06      4.232
in    mixture_gauss       -1.50   4096     -1.0238e-05     1.7300e-06      5.918
in    mixture_gauss       -0.50     16     -9.6297e-03     1.3137e-02      0.733
in    mixture_gauss       -0.50     32     -4.5793e-03     4.9002e-03      0.935
in    mixture_gauss       -0.50     64     -2.2896e-03     1.7066e-03      1.342
in    mixture_gauss       -0.50    128     -1.1342e-03     6.0768e-04      1.867
in    mixture_gauss       -0.50    256     -5.5695e-04     2.1969e-04      2.535
in    mixture_gauss       -0.50    512     -2.7765e-04     7.6021e-05      3.652
in    mixture_gauss       -0.50   1024     -1.3828e-04     2.7268e-05      5.071
in    mixture_gauss       -0.50   2048     -6.9239e-05     9.4366e-06      7.337
in    mixture_gauss       -0.50   4096     -3.4482e-05     3.4489e-06      9.998
in    mixture_gauss       +0.50     16     +8.9706e-03     1.3203e-02      0.679
in    mixture_gauss       +0.50     32     +4.3888e-03     4.8228e-03      0.910
in    mixture_gauss       +0.50     64     +2.1999e-03     1.7123e-03      1.285
in    mixture_gauss       +0.50    128     +1.0949e-03     6.1320e-04      1.786
in    mixture_gauss       +0.50    256     +5.6095e-04     2.1557e-04      2.602
in    mixture_gauss       +0.50    512     +2.7458e-04     7.4383e-05      3.691
in    mixture_gauss       +0.50   1024     +1.3876e-04     2.7477e-05      5.050
in    mixture_gauss       +0.50   2048     +6.8792e-05     9.6285e-06      7.145
in    mixture_gauss       +0.50   4096     +3.4586e-05     3.4172e-06     10.121
in    mixture_gauss       +1.50     16     +4.3895e-03     6.8858e-03      0.637
in    mixture_gauss       +1.50     32     +1.8295e-03     2.4810e-03      0.737
in    mixture_gauss       +1.50     64     +8.0463e-04     8.7871e-04      0.916
in    mixture_gauss       +1.50    128     +3.5752e-04     3.0673e-04      1.166
in    mixture_gauss       +1.50    256     +1.7071e-04     1.1375e-04      1.501
in    mixture_gauss       +1.50    512     +8.3968e-05     3.8880e-05      2.160
in    mixture_gauss       +1.50   1024     +4.1497e-05     1.3813e-05      3.004
in    mixture_gauss       +1.50   2048     +2.0583e-05     4.8071e-06      4.282
in    mixture_gauss       +1.50   4096     +1.0179e-05     1.7089e-06      5.957

in    skewnormal          -1.50     16     +3.4715e-03     6.6726e-03      0.520
in    skewnormal          -1.50     32     +2.4220e-03     2.4379e-03      0.993
in    skewnormal          -1.50     64     +1.3779e-03     8.5355e-04      1.614
in    skewnormal          -1.50    128     +7.0662e-04     3.0851e-04      2.290
in    skewnormal          -1.50    256     +3.7506e-04     1.0760e-04      3.486
in    skewnormal          -1.50    512     +1.8772e-04     3.8850e-05      4.832
in    skewnormal          -1.50   1024     +9.4679e-05     1.3046e-05      7.258
in    skewnormal          -1.50   2048     +4.7482e-05     4.7794e-06      9.935
in    skewnormal          -1.50   4096     +2.3749e-05     1.6475e-06     14.415
in    skewnormal          -0.50     16     -6.9342e-03     1.1800e-02      0.588
in    skewnormal          -0.50     32     -3.4272e-03     4.4817e-03      0.765
in    skewnormal          -0.50     64     -1.6748e-03     1.5560e-03      1.076
in    skewnormal          -0.50    128     -8.1904e-04     5.3940e-04      1.518
in    skewnormal          -0.50    256     -4.0650e-04     1.9478e-04      2.087
in    skewnormal          -0.50    512     -2.0521e-04     6.6938e-05      3.066
in    skewnormal          -0.50   1024     -1.0046e-04     2.4631e-05      4.079
in    skewnormal          -0.50   2048     -5.0377e-05     8.5304e-06      5.906
in    skewnormal          -0.50   4096     -2.5195e-05     3.0446e-06      8.275
in    skewnormal          +0.50     16     -5.6109e-03     1.2221e-02      0.459
in    skewnormal          +0.50     32     -3.3182e-03     4.4215e-03      0.750
in    skewnormal          +0.50     64     -1.7354e-03     1.5366e-03      1.129
in    skewnormal          +0.50    128     -8.6409e-04     5.5034e-04      1.570
in    skewnormal          +0.50    256     -4.4429e-04     1.9126e-04      2.323
in    skewnormal          +0.50    512     -2.2451e-04     6.8806e-05      3.263
in    skewnormal          +0.50   1024     -1.1148e-04     2.4189e-05      4.608
in    skewnormal          +0.50   2048     -5.5919e-05     8.8407e-06      6.325
in    skewnormal          +0.50   4096     -2.7869e-05     2.9880e-06      9.327
in    skewnormal          +1.50     16     +5.4965e-03     8.1101e-03      0.678
in    skewnormal          +1.50     32     +2.4439e-03     2.9932e-03      0.816
in    skewnormal          +1.50     64     +1.1092e-03     1.0485e-03      1.058
in    skewnormal          +1.50    128     +5.2629e-04     3.7216e-04      1.414
in    skewnormal          +1.50    256     +2.4924e-04     1.3236e-04      1.883
in    skewnormal          +1.50    512     +1.2833e-04     4.7569e-05      2.698
in    skewnormal          +1.50   1024     +6.2598e-05     1.6472e-05      3.800
in    skewnormal          +1.50   2048     +3.1201e-05     5.7966e-06      5.383
in    skewnormal          +1.50   4096     +1.5662e-05     2.0643e-06      7.587

